Dunkirk/Castel_SantAngelo:0.3248032700226656
Dunkirk/Crypta_Balbi:0.14038036682071073
Dunkirk/Torlonia_Museum:0.2912654237657704
Dunkirk/Pio_Cristiano_Museum:0.2912654237657704
Dunkirk/Giorgio_De_Chirico_House:0.30755290947628855
Dunkirk/Galleria_Comunale_dArte_Moderna:0.22633379362546685
Dunkirk/Galleria_nazionale_darte_antica_di_palazzo_Corsini:0.22196707572784913
Dunkirk/Pinacoteca_Vaticana:0.1760127620735794
Dunkirk/National_Museum_of_Musical_Instruments:0.2912654237657704
Dunkirk/Casa_di_Goethe:0.287248991695832
Dunkirk/Museum_of_Roman_Civilization:0.2912654237657704
Dunkirk/Porta_San_Paolo_Railway_Museum:0.3301141356990891
Dunkirk/Museo_nazionale_romano_di_palazzo_Altemps:0.22196707572784913
Dunkirk/Museo_Nazionale_delle_Paste_Alimentari:0.25555086161978846
Dunkirk/Museo_delle_anime_del_Purgatorio:0.3042880468062296
Dunkirk/Museo_di_Roma:0.2480633835348712
Dunkirk/museo_di_Roma_in_Trastevere:0.2564054121428233
Dunkirk/Doria_Pamphilj_Gallery:0.22625677870220876
Dunkirk/Galleria_Nazionale_dArte_Moderna_e_Contemporanea:0.2066994696685687
Dunkirk/Boncompagni_Ludovisi_Decorative_Art_Museum:0.2912654237657704
Dunkirk/Museum_of_the_horrors_of_Dario_Argento:0.2912654237657704
Dunkirk/Istituto_Nazionale_per_la_Grafica:0.24507743159989787
Dunkirk/Museo_Barracco_di_Scultura_Antica:0.22196707572784913
Dunkirk/Museum_of_pasta_food:0.2912654237657704
Dunkirk/Italian_Mint_Musem:0.2998586827446884
Dunkirk/Museo_storico_artistico_Castello_Odescalchi:0.2722846987409737
Dunkirk/Palazzo_Pallavicini_Rospigliosi:0.19430276709999103
Dunkirk/MAXXI_–_National_Museum_of_the_21st_Century_Arts:0.2912654237657704
Dunkirk/Palazzo_Colonna:0.19430276709999103
Dunkirk/Galleria_Nazionale_dArte_Antica:0.2066994696685687
Dunkirk/Palazzo_Corsini:0.19430276709999103
Dunkirk/Palazzo_delle_Esposizioni:0.25555086161978846
Dunkirk/Museum_of_Contemporary_Art_of_Rome:0.34576735543548476
Dunkirk/Accademia_Nazionale_di_Santa_Cecilia_Musical_Instruments_Museum:0.2912654237657704
Dunkirk/Audiovisual_Archive_of_the_Democratic_and_Labour_Movement:0.34048866090495694
Dunkirk/Museum_Venanzo_Crocetti:0.2912654237657704
Dunkirk/Romanian_Academy_in_Rome:0.34576735543548476
Dunkirk/Napoleonic_museum:0.39431063128805166
Dunkirk/former_Psychiatric_Hospital_of_Saint_Mary_of_Piety:0.33599687209893586
Dunkirk/Enrico_Fermi_Center_for_Study_and_Research:0.27198686343233924
Dunkirk/Museo_di_Storia_della_Medicina_(Rome):0.2312630180985204
Dunkirk/Scuderie_del_Quirinale:0.19583571851652568
Dunkirk/Museo_Civico_di_Zoologia:0.22196707572784913
Dunkirk/Jewish_Museum_of_Rome:0.34576735543548476
Dunkirk/Museum_of_the_Ara_Pacis:0.2912654237657704
Dunkirk/Keats_Shelley_Memorial_House:0.3116949450762182
Dunkirk/Ecomuseum_of_Roman_Litoral:0.2910833901532616
Dunkirk/Galleria_Spada:0.18838478730566066
Dunkirk/Museo_Archeologico_Ostiense:0.22951575028544116
Dunkirk/National_Etruscan_Museum:0.2912654237657704
Dunkirk/National_Etruscan_Museum:0.2912654237657704
Dunkirk/National_Etruscan_Museum:0.2912654237657704
Dunkirk/MAXXI_–_National_Museum_of_the_21st_Century_Arts:0.2912654237657704
Dunkirk/Galleria_Nazionale_dArte_Antica:0.2066994696685687
Dunkirk/Palazzo_Corsini:0.19430276709999103
Dunkirk/Baths_of_Diocletian:0.27225496510661396
Dunkirk/National_Museum_of_Rome:0.34576735543548476
Dunkirk/Villa_of_the_Quintilii:0.2854531199582057
Dunkirk/National_Museum_of_Oriental_Art:0.2912654237657704
Dunkirk/Galleria_Nazionale_dArte_Moderna_e_Contemporanea:0.2066994696685687
Dunkirk/Palatine_Hill:0.30394070593608147
Dunkirk/Pigorini_National_Museum_of_Prehistory_and_Ethnography:0.2912654237657704
Dunkirk/Baths_of_Caracalla:0.27225496510661396
