Dunkirk/Museo_dArte_e_Scienza:0.19432242112385475
Dunkirk/Museo_della_Scienza_e_della_Tecnologia_\"Leonardo_da_Vinci\":0.2312630180985204
Dunkirk/Museo_Nazionale_Scienza_e_Tecnologia_Leonardo_da_Vinci:0.2707619764959948
Dunkirk/Museo_Nazionale_Scienza_e_Tecnologia_Leonardo_da_Vinci:0.2707619764959948
Dunkirk/Case_museo_in_Milan:0.2918333365758496
Dunkirk/Sforza_Castle_Civic_Museums:0.2746407431249922
Dunkirk/Spazio_Oberdan:0.15671852914687381
Dunkirk/Pinacoteca_Ambrosiana:0.21322420628322017
Dunkirk/Museo_Poldi_Pezzoli:0.23312930508727295
Dunkirk/Applied_Arts_Collection:0.27813884705511915
Dunkirk/Antique_Furniture_&_Wooden_Sculpture_Museum:0.2912654237657704
Dunkirk/Modern_Art_Gallery:0.28495004877480334
Dunkirk/The_Museum_of_Ancient_Art:0.2912654237657704
Dunkirk/Egyptian_Museum_of_Milan:0.2918333365758496
Dunkirk/Padiglione_dArte_Contemporanea:0.20584188081429722
Dunkirk/Sforza_Castle_Pinacoteca:0.2746407431249922
Dunkirk/Sforza_Castle_Pinacoteca:0.2746407431249922
Dunkirk/Sforza_Castle_Pinacoteca:0.2746407431249922
Dunkirk/Raccolte_extraeuropee_del_Castello_Sforzesco:0.2722846987409737
Dunkirk/Royal_Palace_of_Milan:0.298071809075406
Dunkirk/Royal_Palace_of_Milan:0.298071809075406
Dunkirk/Royal_Palace_of_Milan:0.298071809075406
Dunkirk/Pinacoteca_di_Brera:0.22196707572784913
Dunkirk/Pinacoteca_di_Brera:0.22196707572784913
Dunkirk/Bagatti_Valsecchi_Museum:0.2912654237657704
Dunkirk/Villa_Necchi_Campiglio:0.2699039894192923
Dunkirk/Triennale_di_Milano:0.2546805985824751
Dunkirk/Museo_dArte_e_Scienza:0.19432242112385475
Dunkirk/Cineteca_Italiana:0.20584791106159508
Dunkirk/Museo_Teatrale_alla_Scala:0.2603019357601112
Dunkirk/Museo_Teatrale_alla_Scala:0.2603019357601112
Dunkirk/Museo_Teatrale_alla_Scala:0.2603019357601112
Dunkirk/Museo_Civico_di_Storia_Naturale_di_Milano:0.2546805985824751
Dunkirk/Triennale_Design_Museum:0.2912654237657704
Dunkirk/Louis_Braille_Museum:0.2912654237657704
Dunkirk/Museum_of_Musical_Instruments:0.2912654237657704
Dunkirk/WOW_Spazio_Fumetto:0.20594161663655774
Dunkirk/Museum_of_Cultures_(Milan):0.2912654237657704
Dunkirk/Museo_dArte_Paolo_Pini:0.21607279023814924
Dunkirk/Europark_Idroscalo_Milano:0.2546805985824751
Dunkirk/Planetario_di_Milano:0.2546805985824751
Dunkirk/Fontana_a_Pinocchio:0.3158284757767924
Dunkirk/Monumento_ai_Caduti_di_Niguarda:0.22196707572784913
Dunkirk/La_Scala:0.31877131235831263
Dunkirk/La_Scala:0.31877131235831263
Dunkirk/La_Scala:0.31877131235831263
Dunkirk/Planetario_di_Milano:0.2546805985824751
Dunkirk/Milan_Antiquarium:0.2918333365758496
Dunkirk/Civic_Aquarium_of_Milan:0.2918333365758496
Dunkirk/Archaeological_Museum_of_Milan:0.2918333365758496
Dunkirk/Museum_of_the_Risorgimento:0.2912654237657704
Dunkirk/Museo_Teatrale_alla_Scala:0.2603019357601112
Dunkirk/Museo_Teatrale_alla_Scala:0.2603019357601112
Dunkirk/Museo_Teatrale_alla_Scala:0.2603019357601112
